0.0	2.4999375455081463e-05	0.001299967523664236	0.0	0.0	0.0	0.0	0.9986750483512878	
0.0	0.0014499637763947248	0.02962425909936428	0.0	0.0	0.0005249868845567107	0.0	0.968400776386261	
0.0	0.004249893594533205	0.06737331300973892	0.0	0.0	0.0005499862600117922	0.15782105922698975	0.7700057625770569	
0.0	0.00409989757463336	0.08302292227745056	0.0	0.0	0.00024999375455081463	0.07559811323881149	0.8370290994644165	
0.0	0.0021999450400471687	0.06622334569692612	0.0	0.0	0.0865478366613388	0.1780705451965332	0.6669583320617676	
0.0	0.0003499912563711405	0.050898727029561996	0.0	0.0	0.11394715309143066	0.4422639310359955	0.39254018664360046	
0.0	0.007474813144654036	0.06074848026037216	0.0	0.0	0.0355491116642952	0.21151971817016602	0.6847078800201416	
0.0	0.002649933798238635	0.060098499059677124	0.00014999625273048878	0.0	0.009524761699140072	0.08699782192707062	0.8405789732933044	
0.0	0.0014499637763947248	0.05522361770272255	0.00014999625273048878	0.0	0.01557461079210043	0.2385440319776535	0.6890577673912048	
0.0	0.005074873100966215	0.04087397828698158	0.00014999625273048878	0.0	0.014124646782875061	0.0	0.9397764801979065	
0.0	0.0005249868845567107	0.0031999200582504272	0.0	0.0	0.0	0.0	0.9962750673294067	
0.0	0.0014249644009396434	0.0	0.0	0.0	0.0	0.0	0.9985750317573547	
0.0	0.004074898082762957	0.2178945541381836	0.0	0.0	4.9998750910162926e-05	0.0	0.7779805660247803	
0.0	0.0007499812636524439	0.3691657781600952	0.0	0.0	4.9998750910162926e-05	0.09327267110347748	0.5367615818977356	
0.0	0.0028499288018792868	0.4464138448238373	0.0	0.0	0.0007249818881973624	0.02737431600689888	0.5226369500160217	
0.0	0.00042498938273638487	0.4371640682220459	0.0	0.0	0.052573684602975845	0.10692232847213745	0.40291494131088257	
0.0	9.999750182032585e-05	0.4233144223690033	0.0	0.0	0.06392340362071991	0.26226845383644104	0.25039374828338623	
0.00029999250546097755	0.0007999800145626068	0.43238919973373413	9.999750182032585e-05	0.0	0.017249569296836853	0.13287167251110077	0.4162895977497101	
0.00029999250546097755	0.0014499637763947248	0.4404139816761017	0.00029999250546097755	0.0	0.011474712751805782	0.0484737865626812	0.49758756160736084	
0.00029999250546097755	0.0006749831372871995	0.3932151794433594	0.00029999250546097755	0.0	0.015174620784819126	0.15494613349437714	0.43538910150527954	
0.00029999250546097755	0.0018499537836760283	0.29504263401031494	0.0001999950036406517	0.0	0.0134746627882123	0.0	0.6891327500343323	
0.0	0.00014999625273048878	0.00037499063182622194	0.0	0.0	0.0	0.0	0.9994750022888184	
0.0	0.0007749806391075253	0.029599260538816452	0.0	0.0	0.0	0.0	0.9696257710456848	
0.0	0.0023249418009072542	0.34721630811691284	0.0	0.0	0.0001999950036406517	0.0	0.6502587199211121	
0.0	0.0016999575309455395	0.44968876242637634	0.0	0.0	0.00042498938273638487	0.08022299408912659	0.467963308095932	
0.0	0.002549936296418309	0.4762880802154541	0.0	0.0	0.00044998875819146633	0.02617434598505497	0.4945376217365265	
0.0	0.0005749856354668736	0.4643884003162384	0.0	0.0	0.04664883390069008	0.12909677624702454	0.3592910170555115	
0.0	0.00022499437909573317	0.4440639019012451	0.0	0.0	0.06844829022884369	0.2835179269313812	0.20374490320682526	
0.0004999875091016293	0.002599935047328472	0.44816380739212036	0.00017499562818557024	0.0	0.03194919973611832	0.16347090899944305	0.3531411588191986	
0.0004999875091016293	0.0018249544082209468	0.4554886221885681	0.00022499437909573317	0.0	0.0056998576037585735	0.06657333672046661	0.4696882665157318	
0.0004999875091016293	0.000974975642748177	0.40388989448547363	0.00022499437909573317	0.0	0.006899827625602484	0.14189645648002625	0.4456138610839844	
0.0004999875091016293	0.00204994878731668	0.2215694636106491	4.9998750910162926e-05	0.0	0.0052498686127364635	0.0	0.7705807089805603	
0.0	0.004224894568324089	0.0002749931300058961	0.0	0.0	0.0	0.0	0.9955000877380371	
0.0	0.00024999375455081463	0.00014999625273048878	0.0	0.0	0.0	0.0	0.9995999932289124	
0.0	0.003074923064559698	0.1983700394630432	0.0	0.0	0.0001999950036406517	0.0	0.7983550429344177	
0.0	0.0018249544082209468	0.28244292736053467	0.0	0.0	0.00022499437909573317	0.09632258862257004	0.6191844940185547	
0.0	0.005599860101938248	0.3077923059463501	0.0	0.0	0.00014999625273048878	0.028549285605549812	0.65790855884552	
0.0	0.0017499562818557024	0.2702682316303253	0.0	0.0	0.0673983171582222	0.1263718456029892	0.5342116355895996	
9.999750182032585e-05	0.00012499687727540731	0.20724481344223022	4.9998750910162926e-05	0.0	0.12574686110019684	0.33764156699180603	0.32909178733825684	
0.0002749931300058961	0.004799880087375641	0.23239418864250183	9.999750182032585e-05	0.0	0.0710982233285904	0.19189520180225372	0.49943751096725464	
0.0002749931300058961	0.0052248695865273476	0.26574334502220154	0.0003499912563711405	0.0	0.013524661771953106	0.09689757972955704	0.6179845333099365	
0.0002749931300058961	0.0036499088164418936	0.17222069203853607	0.00029999250546097755	0.0	0.013299667276442051	0.19267018139362335	0.6175845861434937	
0.00017499562818557024	0.0012499687727540731	0.07094822824001312	0.00024999375455081463	0.0	0.011474712751805782	0.0	0.9159020781517029	
0.0	0.0005499862600117922	0.004524887073785067	0.0	0.0	0.0	0.0	0.9949251413345337	
0.0	0.0	0.0	0.0	0.0	0.0	0.0	1.0	
0.0	0.00022499437909573317	0.016149595379829407	0.0	0.0	0.0003499912563711405	0.0	0.9832754135131836	
0.0	0.0012499687727540731	0.02389940246939659	0.0	0.0	0.0003499912563711405	0.14447139203548431	0.8300292491912842	
0.0	0.0017999550327658653	0.029399264603853226	0.0	0.0	0.000974975642748177	0.04862378537654877	0.9192020297050476	
0.0	0.000974975642748177	0.02389940246939659	0.0	0.0	0.10867228358983994	0.18872028589248657	0.6777330636978149	
0.0	0.00042498938273638487	0.007974800653755665	0.0	0.0	0.12502187490463257	0.4759131073951721	0.3906652331352234	
0.0003999900072813034	0.0023499412927776575	0.01622459478676319	0.0	0.0	0.025349365547299385	0.24911877512931824	0.7065573334693909	
0.0003999900072813034	0.0008499787654727697	0.022024448961019516	0.0005999850109219551	0.0	0.021399464458227158	0.10889727622270584	0.8458288311958313	
0.0003999900072813034	0.00029999250546097755	0.018424538895487785	0.0005999850109219551	0.0	0.02709932252764702	0.25161871314048767	0.701557457447052	
0.0003999900072813034	0.000649983761832118	0.008699782192707062	0.0005999850109219551	0.0	0.024124396964907646	0.0	0.9655258655548096	
0.0	0.0001999950036406517	0.002699932549148798	0.0	0.0	0.0	0.0	0.9971000552177429	
0.0	2.4999375455081463e-05	0.0	0.0	0.0	0.0	0.0	0.9999750256538391	
0.0	0.0009499762672930956	0.004974875599145889	0.0	0.0	0.0002749931300058961	0.0	0.993800163269043	
0.0	0.0010499737691134214	0.04302392527461052	0.0	0.0	0.000324991880916059	0.16154596209526062	0.794055163860321	
0.0	0.0018749531591311097	0.05344866216182709	0.0	0.0	0.0009999750182032585	0.06214844807982445	0.8815279603004456	
0.0	0.0021999450400471687	0.05109872296452522	4.9998750910162926e-05	0.0	0.06899827718734741	0.18042048811912537	0.6972325444221497	
0.0	0.00102497439365834	0.03769905865192413	4.9998750910162926e-05	0.0	0.08359791338443756	0.46008849143981934	0.4175395667552948	
0.00044998875819146633	0.007274818141013384	0.04199894890189171	4.9998750910162926e-05	0.0	0.028349291533231735	0.23029424250125885	0.6915827393531799	
0.00044998875819146633	0.0028749280609190464	0.04829879105091095	0.00014999625273048878	0.0	0.017099572345614433	0.10512237250804901	0.8260043263435364	
0.00044998875819146633	0.004074898082762957	0.048198796808719635	0.00014999625273048878	0.0	0.022749431431293488	0.2469688206911087	0.6774080395698547	
0.00044998875819146633	0.0027749305590987206	0.03869903087615967	0.00014999625273048878	0.0	0.021024474874138832	0.0	0.9369015693664551	
0.0	0.00014999625273048878	0.011924701742827892	0.0	0.0	0.0	0.0	0.9879252910614014	
