-0.012791 0.487500 20.3411
-0.012791 1.462500 20.3411
-0.012791 2.437500 20.3411
-0.012791 3.412500 20.3411
-0.012791 4.387500 20.3411
-0.012791 5.362500 20.3411
-0.012791 6.337500 20.3411
-0.012791 7.312500 20.3411
-0.012791 8.287500 20.3411
-0.012791 9.262500 20.3411
-0.012791 10.237500 20.3411
-0.012791 11.212500 20.3411
-0.012791 12.187500 20.3411
-0.012791 13.162500 20.3411
-0.012791 14.137500 20.3411
-0.012791 15.112500 20.3411
-0.012791 16.087500 20.3411
-0.012791 17.062500 20.3411
-0.012791 18.037500 20.3411
-0.012791 19.012500 20.3411
-0.012791 19.987500 20.3411
-0.012791 20.962500 20.3411
-0.012791 21.937500 20.3411
-0.012791 22.912500 20.3411
-0.012791 23.887500 20.3411
-0.012791 24.862500 20.3411
-0.012791 25.837500 20.3411
-0.012791 26.812500 20.3411
-0.012791 27.787500 20.3411
-0.012791 28.762500 20.3411
-0.012791 29.737500 20.3411
-0.012791 30.712500 20.3411
-0.012791 31.687500 8.5207
-0.012791 32.662500 20.3411
-0.012791 33.637500 20.3411
-0.012791 34.612500 20.3411
-0.012791 35.587500 20.3411
-0.012791 36.562500 20.3411
-0.012791 37.537500 20.3411
-0.012791 38.512500 20.3411
0.011628 0.487500 9.7646
0.011628 1.462500 9.6935
0.011628 2.437500 8.7410
0.011628 3.412500 8.4749
0.011628 4.387500 7.7111
0.011628 5.362500 5.8913
0.011628 6.337500 4.6717
0.011628 7.312500 3.9924
0.011628 8.287500 4.7671
0.011628 9.262500 4.7766
0.011628 10.237500 4.5443
0.011628 11.212500 5.2864
0.011628 12.187500 5.6684
0.011628 13.162500 6.2962
0.011628 14.137500 6.8186
0.011628 15.112500 7.3145
0.011628 16.087500 7.1638
0.011628 17.062500 6.9993
0.011628 18.037500 7.4924
0.011628 19.012500 7.4033
0.011628 19.987500 7.7065
0.011628 20.962500 8.1242
0.011628 21.937500 20.3411
0.011628 22.912500 20.3411
0.011628 23.887500 20.3411
0.011628 24.862500 20.3411
0.011628 25.837500 20.3411
0.011628 26.812500 20.3411
0.011628 27.787500 20.3411
0.011628 28.762500 20.3411
0.011628 29.737500 20.3411
0.011628 30.712500 20.3411
0.011628 31.687500 20.3411
0.011628 32.662500 20.3411
0.011628 33.637500 20.3411
0.011628 34.612500 20.3411
0.011628 35.587500 20.3411
0.011628 36.562500 20.3411
0.011628 37.537500 20.3411
0.011628 38.512500 20.3411
0.036047 0.487500 10.4248
0.036047 1.462500 9.9041
0.036047 2.437500 8.7984
0.036047 3.412500 8.7962
0.036047 4.387500 8.2454
0.036047 5.362500 7.0150
0.036047 6.337500 6.2429
0.036047 7.312500 5.4343
0.036047 8.287500 5.1226
0.036047 9.262500 4.8519
0.036047 10.237500 4.7514
0.036047 11.212500 5.6220
0.036047 12.187500 5.9655
0.036047 13.162500 6.0807
0.036047 14.137500 6.3794
0.036047 15.112500 6.3059
0.036047 16.087500 6.0604
0.036047 17.062500 6.0410
0.036047 18.037500 6.0775
0.036047 19.012500 6.1754
0.036047 19.987500 6.4831
0.036047 20.962500 7.0248
0.036047 21.937500 7.3337
0.036047 22.912500 7.4433
0.036047 23.887500 20.3411
0.036047 24.862500 20.3411
0.036047 25.837500 20.3411
0.036047 26.812500 20.3411
0.036047 27.787500 20.3411
0.036047 28.762500 20.3411
0.036047 29.737500 20.3411
0.036047 30.712500 20.3411
0.036047 31.687500 20.3411
0.036047 32.662500 20.3411
0.036047 33.637500 20.3411
0.036047 34.612500 20.3411
0.036047 35.587500 20.3411
0.036047 36.562500 20.3411
0.036047 37.537500 20.3411
0.036047 38.512500 20.3411
0.060465 0.487500 10.7591
0.060465 1.462500 9.5718
0.060465 2.437500 8.3904
0.060465 3.412500 7.6544
0.060465 4.387500 6.7116
0.060465 5.362500 5.7424
0.060465 6.337500 5.0852
0.060465 7.312500 4.5531
0.060465 8.287500 4.0816
0.060465 9.262500 3.8463
0.060465 10.237500 3.6807
0.060465 11.212500 3.4836
0.060465 12.187500 3.1560
0.060465 13.162500 2.9163
0.060465 14.137500 2.8086
0.060465 15.112500 2.8264
0.060465 16.087500 2.9108
0.060465 17.062500 2.9332
0.060465 18.037500 3.0156
0.060465 19.012500 3.5375
0.060465 19.987500 4.4225
0.060465 20.962500 5.4520
0.060465 21.937500 6.5837
0.060465 22.912500 7.7410
0.060465 23.887500 20.3411
0.060465 24.862500 20.3411
0.060465 25.837500 20.3411
0.060465 26.812500 20.3411
0.060465 27.787500 20.3411
0.060465 28.762500 20.3411
0.060465 29.737500 20.3411
0.060465 30.712500 20.3411
0.060465 31.687500 20.3411
0.060465 32.662500 20.3411
0.060465 33.637500 20.3411
0.060465 34.612500 20.3411
0.060465 35.587500 20.3411
0.060465 36.562500 20.3411
0.060465 37.537500 20.3411
0.060465 38.512500 20.3411
0.084884 0.487500 11.2240
0.084884 1.462500 9.5327
0.084884 2.437500 7.8869
0.084884 3.412500 7.4941
0.084884 4.387500 7.2448
0.084884 5.362500 6.5340
0.084884 6.337500 5.8971
0.084884 7.312500 5.5581
0.084884 8.287500 5.1916
0.084884 9.262500 4.9677
0.084884 10.237500 4.7668
0.084884 11.212500 4.6620
0.084884 12.187500 4.4726
0.084884 13.162500 4.3986
0.084884 14.137500 4.5156
0.084884 15.112500 4.8192
0.084884 16.087500 5.1759
0.084884 17.062500 5.6982
0.084884 18.037500 6.1309
0.084884 19.012500 6.3349
0.084884 19.987500 6.6643
0.084884 20.962500 7.0482
0.084884 21.937500 7.3868
0.084884 22.912500 8.2166
0.084884 23.887500 10.3694
0.084884 24.862500 20.3411
0.084884 25.837500 20.3411
0.084884 26.812500 20.3411
0.084884 27.787500 20.3411
0.084884 28.762500 20.3411
0.084884 29.737500 20.3411
0.084884 30.712500 20.3411
0.084884 31.687500 20.3411
0.084884 32.662500 20.3411
0.084884 33.637500 20.3411
0.084884 34.612500 20.3411
0.084884 35.587500 20.3411
0.084884 36.562500 20.3411
0.084884 37.537500 20.3411
0.084884 38.512500 20.3411
0.109302 0.487500 10.8775
0.109302 1.462500 10.1074
0.109302 2.437500 8.7048
0.109302 3.412500 8.4537
0.109302 4.387500 7.9618
0.109302 5.362500 7.3509
0.109302 6.337500 6.8628
0.109302 7.312500 6.0512
0.109302 8.287500 5.7303
0.109302 9.262500 5.6522
0.109302 10.237500 5.5711
0.109302 11.212500 5.7597
0.109302 12.187500 5.7957
0.109302 13.162500 5.8326
0.109302 14.137500 5.9086
0.109302 15.112500 6.0040
0.109302 16.087500 6.1948
0.109302 17.062500 6.1299
0.109302 18.037500 6.2068
0.109302 19.012500 6.3548
0.109302 19.987500 6.7983
0.109302 20.962500 7.0994
0.109302 21.937500 7.6421
0.109302 22.912500 8.5467
0.109302 23.887500 20.3411
0.109302 24.862500 20.3411
0.109302 25.837500 20.3411
0.109302 26.812500 20.3411
0.109302 27.787500 20.3411
0.109302 28.762500 20.3411
0.109302 29.737500 20.3411
0.109302 30.712500 20.3411
0.109302 31.687500 20.3411
0.109302 32.662500 20.3411
0.109302 33.637500 20.3411
0.109302 34.612500 20.3411
0.109302 35.587500 20.3411
0.109302 36.562500 20.3411
0.109302 37.537500 20.3411
0.109302 38.512500 20.3411
0.133721 0.487500 10.9953
0.133721 1.462500 8.9865
0.133721 2.437500 7.9810
0.133721 3.412500 7.5547
0.133721 4.387500 7.1964
0.133721 5.362500 7.3736
0.133721 6.337500 7.1226
0.133721 7.312500 6.5801
0.133721 8.287500 6.2276
0.133721 9.262500 6.1495
0.133721 10.237500 5.9709
0.133721 11.212500 6.0785
0.133721 12.187500 5.8881
0.133721 13.162500 5.8766
0.133721 14.137500 5.9697
0.133721 15.112500 6.0639
0.133721 16.087500 6.1660
0.133721 17.062500 6.2614
0.133721 18.037500 6.2978
0.133721 19.012500 6.3348
0.133721 19.987500 6.5112
0.133721 20.962500 6.9692
0.133721 21.937500 6.9864
0.133721 22.912500 8.0657
0.133721 23.887500 20.3411
0.133721 24.862500 20.3411
0.133721 25.837500 20.3411
0.133721 26.812500 20.3411
0.133721 27.787500 20.3411
0.133721 28.762500 20.3411
0.133721 29.737500 20.3411
0.133721 30.712500 20.3411
0.133721 31.687500 20.3411
0.133721 32.662500 20.3411
0.133721 33.637500 20.3411
0.133721 34.612500 20.3411
0.133721 35.587500 20.3411
0.133721 36.562500 20.3411
0.133721 37.537500 20.3411
0.133721 38.512500 20.3411
0.158140 0.487500 12.0427
0.158140 1.462500 10.2803
0.158140 2.437500 8.0577
0.158140 3.412500 7.6764
0.158140 4.387500 7.3293
0.158140 5.362500 7.4283
0.158140 6.337500 7.3610
0.158140 7.312500 7.2600
0.158140 8.287500 7.0512
0.158140 9.262500 6.8349
0.158140 10.237500 6.6851
0.158140 11.212500 6.6053
0.158140 12.187500 6.4320
0.158140 13.162500 6.3352
0.158140 14.137500 6.2675
0.158140 15.112500 6.4165
0.158140 16.087500 6.4437
0.158140 17.062500 6.4773
0.158140 18.037500 6.3274
0.158140 19.012500 6.4432
0.158140 19.987500 6.4702
0.158140 20.962500 6.7060
0.158140 21.937500 6.9955
0.158140 22.912500 7.7944
0.158140 23.887500 20.3411
0.158140 24.862500 20.3411
0.158140 25.837500 20.3411
0.158140 26.812500 20.3411
0.158140 27.787500 20.3411
0.158140 28.762500 20.3411
0.158140 29.737500 20.3411
0.158140 30.712500 20.3411
0.158140 31.687500 20.3411
0.158140 32.662500 20.3411
0.158140 33.637500 20.3411
0.158140 34.612500 20.3411
0.158140 35.587500 20.3411
0.158140 36.562500 20.3411
0.158140 37.537500 20.3411
0.158140 38.512500 20.3411
0.182558 0.487500 13.3639
0.182558 1.462500 10.3673
0.182558 2.437500 9.0205
0.182558 3.412500 7.7432
0.182558 4.387500 7.4938
0.182558 5.362500 7.1574
0.182558 6.337500 6.8382
0.182558 7.312500 6.8565
0.182558 8.287500 7.3205
0.182558 9.262500 7.4233
0.182558 10.237500 7.6099
0.182558 11.212500 7.3346
0.182558 12.187500 7.1396
0.182558 13.162500 6.9653
0.182558 14.137500 6.9508
0.182558 15.112500 7.1791
0.182558 16.087500 6.8145
0.182558 17.062500 7.1402
0.182558 18.037500 7.1443
0.182558 19.012500 7.1076
0.182558 19.987500 7.3875
0.182558 20.962500 7.4473
0.182558 21.937500 8.2398
0.182558 22.912500 8.2515
0.182558 23.887500 20.3411
0.182558 24.862500 20.3411
0.182558 25.837500 20.3411
0.182558 26.812500 20.3411
0.182558 27.787500 20.3411
0.182558 28.762500 20.3411
0.182558 29.737500 20.3411
0.182558 30.712500 20.3411
0.182558 31.687500 20.3411
0.182558 32.662500 20.3411
0.182558 33.637500 20.3411
0.182558 34.612500 20.3411
0.182558 35.587500 20.3411
0.182558 36.562500 20.3411
0.182558 37.537500 20.3411
0.182558 38.512500 20.3411
0.206977 0.487500 12.2309
0.206977 1.462500 11.7321
0.206977 2.437500 9.2272
0.206977 3.412500 7.7632
0.206977 4.387500 7.3856
0.206977 5.362500 6.9424
0.206977 6.337500 6.5700
0.206977 7.312500 6.7679
0.206977 8.287500 6.6242
0.206977 9.262500 6.9132
0.206977 10.237500 7.4688
0.206977 11.212500 7.4518
0.206977 12.187500 7.2564
0.206977 13.162500 7.2655
0.206977 14.137500 7.3099
0.206977 15.112500 7.6384
0.206977 16.087500 7.5607
0.206977 17.062500 7.4134
0.206977 18.037500 7.4275
0.206977 19.012500 7.8786
0.206977 19.987500 8.0172
0.206977 20.962500 8.2244
0.206977 21.937500 8.6445
0.206977 22.912500 20.3411
0.206977 23.887500 20.3411
0.206977 24.862500 20.3411
0.206977 25.837500 20.3411
0.206977 26.812500 20.3411
0.206977 27.787500 20.3411
0.206977 28.762500 20.3411
0.206977 29.737500 20.3411
0.206977 30.712500 20.3411
0.206977 31.687500 20.3411
0.206977 32.662500 20.3411
0.206977 33.637500 20.3411
0.206977 34.612500 20.3411
0.206977 35.587500 20.3411
0.206977 36.562500 20.3411
0.206977 37.537500 20.3411
0.206977 38.512500 20.3411
0.231395 0.487500 12.5191
0.231395 1.462500 10.7537
0.231395 2.437500 9.9280
0.231395 3.412500 8.4097
0.231395 4.387500 7.5998
0.231395 5.362500 6.8286
0.231395 6.337500 5.6324
0.231395 7.312500 5.8032
0.231395 8.287500 5.5794
0.231395 9.262500 5.9730
0.231395 10.237500 7.0839
0.231395 11.212500 6.9320
0.231395 12.187500 6.7468
0.231395 13.162500 6.6906
0.231395 14.137500 6.9015
0.231395 15.112500 7.5163
0.231395 16.087500 7.5175
0.231395 17.062500 7.8064
0.231395 18.037500 7.6661
0.231395 19.012500 8.0925
0.231395 19.987500 7.5042
0.231395 20.962500 7.7425
0.231395 21.937500 8.0971
0.231395 22.912500 20.3411
0.231395 23.887500 20.3411
0.231395 24.862500 20.3411
0.231395 25.837500 20.3411
0.231395 26.812500 20.3411
0.231395 27.787500 20.3411
0.231395 28.762500 20.3411
0.231395 29.737500 20.3411
0.231395 30.712500 20.3411
0.231395 31.687500 20.3411
0.231395 32.662500 20.3411
0.231395 33.637500 20.3411
0.231395 34.612500 20.3411
0.231395 35.587500 20.3411
0.231395 36.562500 20.3411
0.231395 37.537500 20.3411
0.231395 38.512500 20.3411
0.255814 0.487500 15.9031
0.255814 1.462500 12.8938
0.255814 2.437500 10.4137
0.255814 3.412500 8.4084
0.255814 4.387500 7.7896
0.255814 5.362500 7.1429
0.255814 6.337500 5.9145
0.255814 7.312500 6.1066
0.255814 8.287500 5.8137
0.255814 9.262500 6.1146
0.255814 10.237500 6.4906
0.255814 11.212500 6.1504
0.255814 12.187500 5.8476
0.255814 13.162500 5.7955
0.255814 14.137500 5.8216
0.255814 15.112500 5.9496
0.255814 16.087500 6.2716
0.255814 17.062500 7.0252
0.255814 18.037500 7.3908
0.255814 19.012500 7.5344
0.255814 19.987500 7.3843
0.255814 20.962500 7.8181
0.255814 21.937500 7.7387
0.255814 22.912500 20.3411
0.255814 23.887500 20.3411
0.255814 24.862500 20.3411
0.255814 25.837500 20.3411
0.255814 26.812500 20.3411
0.255814 27.787500 20.3411
0.255814 28.762500 20.3411
0.255814 29.737500 20.3411
0.255814 30.712500 20.3411
0.255814 31.687500 20.3411
0.255814 32.662500 20.3411
0.255814 33.637500 20.3411
0.255814 34.612500 20.3411
0.255814 35.587500 20.3411
0.255814 36.562500 20.3411
0.255814 37.537500 20.3411
0.255814 38.512500 20.3411
0.280233 0.487500 18.0874
0.280233 1.462500 13.1366
0.280233 2.437500 11.0565
0.280233 3.412500 9.2210
0.280233 4.387500 8.1769
0.280233 5.362500 7.3392
0.280233 6.337500 6.1141
0.280233 7.312500 6.1409
0.280233 8.287500 5.7166
0.280233 9.262500 5.6109
0.280233 10.237500 5.8690
0.280233 11.212500 5.7396
0.280233 12.187500 5.4590
0.280233 13.162500 5.2375
0.280233 14.137500 5.3630
0.280233 15.112500 5.4629
0.280233 16.087500 5.7101
0.280233 17.062500 6.1781
0.280233 18.037500 6.5368
0.280233 19.012500 6.5192
0.280233 19.987500 6.3348
0.280233 20.962500 6.2776
0.280233 21.937500 6.6048
0.280233 22.912500 6.6427
0.280233 23.887500 7.3010
0.280233 24.862500 7.8908
0.280233 25.837500 20.3411
0.280233 26.812500 20.3411
0.280233 27.787500 20.3411
0.280233 28.762500 20.3411
0.280233 29.737500 20.3411
0.280233 30.712500 20.3411
0.280233 31.687500 20.3411
0.280233 32.662500 20.3411
0.280233 33.637500 20.3411
0.280233 34.612500 20.3411
0.280233 35.587500 20.3411
0.280233 36.562500 20.3411
0.280233 37.537500 20.3411
0.280233 38.512500 20.3411
0.304651 0.487500 18.7706
0.304651 1.462500 15.4970
0.304651 2.437500 11.4524
0.304651 3.412500 9.7782
0.304651 4.387500 8.7087
0.304651 5.362500 7.4955
0.304651 6.337500 6.6425
0.304651 7.312500 6.1763
0.304651 8.287500 5.5566
0.304651 9.262500 5.1746
0.304651 10.237500 4.9209
0.304651 11.212500 4.4075
0.304651 12.187500 5.2759
0.304651 13.162500 5.1011
0.304651 14.137500 5.0743
0.304651 15.112500 5.1594
0.304651 16.087500 5.2822
0.304651 17.062500 5.6021
0.304651 18.037500 5.9459
0.304651 19.012500 6.1016
0.304651 19.987500 5.7957
0.304651 20.962500 5.8213
0.304651 21.937500 6.0037
0.304651 22.912500 6.1475
0.304651 23.887500 6.7706
0.304651 24.862500 7.1767
0.304651 25.837500 8.5545
0.304651 26.812500 20.3411
0.304651 27.787500 20.3411
0.304651 28.762500 20.3411
0.304651 29.737500 20.3411
0.304651 30.712500 20.3411
0.304651 31.687500 20.3411
0.304651 32.662500 20.3411
0.304651 33.637500 20.3411
0.304651 34.612500 20.3411
0.304651 35.587500 20.3411
0.304651 36.562500 20.3411
0.304651 37.537500 20.3411
0.304651 38.512500 20.3411
0.329070 0.487500 19.4592
0.329070 1.462500 17.0228
0.329070 2.437500 12.0550
0.329070 3.412500 11.0648
0.329070 4.387500 9.2411
0.329070 5.362500 7.9903
0.329070 6.337500 6.8934
0.329070 7.312500 6.2378
0.329070 8.287500 5.6562
0.329070 9.262500 5.2168
0.329070 10.237500 4.9311
0.329070 11.212500 4.4376
0.329070 12.187500 5.1675
0.329070 13.162500 4.9140
0.329070 14.137500 4.6907
0.329070 15.112500 4.6034
0.329070 16.087500 4.7452
0.329070 17.062500 4.8798
0.329070 18.037500 5.1173
0.329070 19.012500 5.5022
0.329070 19.987500 5.8642
0.329070 20.962500 6.2295
0.329070 21.937500 6.4108
0.329070 22.912500 6.6589
0.329070 23.887500 6.9397
0.329070 24.862500 7.4446
0.329070 25.837500 8.4662
0.329070 26.812500 20.3411
0.329070 27.787500 20.3411
0.329070 28.762500 20.3411
0.329070 29.737500 20.3411
0.329070 30.712500 20.3411
0.329070 31.687500 20.3411
0.329070 32.662500 20.3411
0.329070 33.637500 20.3411
0.329070 34.612500 20.3411
0.329070 35.587500 20.3411
0.329070 36.562500 20.3411
0.329070 37.537500 20.3411
0.329070 38.512500 20.3411
0.353488 0.487500 18.2277
0.353488 1.462500 17.3956
0.353488 2.437500 14.8798
0.353488 3.412500 10.6163
0.353488 4.387500 9.6569
0.353488 5.362500 8.2470
0.353488 6.337500 7.0309
0.353488 7.312500 6.0937
0.353488 8.287500 5.4543
0.353488 9.262500 5.0031
0.353488 10.237500 4.8257
0.353488 11.212500 4.4531
0.353488 12.187500 4.8039
0.353488 13.162500 4.5505
0.353488 14.137500 4.5694
0.353488 15.112500 4.4006
0.353488 16.087500 4.5196
0.353488 17.062500 4.8587
0.353488 18.037500 5.1889
0.353488 19.012500 5.5230
0.353488 19.987500 6.0446
0.353488 20.962500 6.6744
0.353488 21.937500 7.8717
0.353488 22.912500 8.1989
0.353488 23.887500 20.3411
0.353488 24.862500 20.3411
0.353488 25.837500 20.3411
0.353488 26.812500 20.3411
0.353488 27.787500 20.3411
0.353488 28.762500 20.3411
0.353488 29.737500 20.3411
0.353488 30.712500 20.3411
0.353488 31.687500 20.3411
0.353488 32.662500 20.3411
0.353488 33.637500 20.3411
0.353488 34.612500 20.3411
0.353488 35.587500 20.3411
0.353488 36.562500 20.3411
0.353488 37.537500 20.3411
0.353488 38.512500 20.3411
0.377907 0.487500 20.3411
0.377907 1.462500 18.8447
0.377907 2.437500 16.1129
0.377907 3.412500 12.7039
0.377907 4.387500 11.6022
0.377907 5.362500 8.8732
0.377907 6.337500 7.6558
0.377907 7.312500 6.4781
0.377907 8.287500 5.7382
0.377907 9.262500 5.2495
0.377907 10.237500 5.2404
0.377907 11.212500 4.8320
0.377907 12.187500 4.4338
0.377907 13.162500 3.9985
0.377907 14.137500 4.6396
0.377907 15.112500 4.5174
0.377907 16.087500 4.5225
0.377907 17.062500 4.7590
0.377907 18.037500 4.9758
0.377907 19.012500 5.2016
0.377907 19.987500 5.5598
0.377907 20.962500 6.0371
0.377907 21.937500 6.5500
0.377907 22.912500 7.2476
0.377907 23.887500 8.1995
0.377907 24.862500 9.1511
0.377907 25.837500 20.3411
0.377907 26.812500 20.3411
0.377907 27.787500 20.3411
0.377907 28.762500 20.3411
0.377907 29.737500 20.3411
0.377907 30.712500 20.3411
0.377907 31.687500 20.3411
0.377907 32.662500 20.3411
0.377907 33.637500 20.3411
0.377907 34.612500 20.3411
0.377907 35.587500 20.3411
0.377907 36.562500 20.3411
0.377907 37.537500 20.3411
0.377907 38.512500 20.3411
0.402326 0.487500 19.2565
0.402326 1.462500 20.1189
0.402326 2.437500 18.3600
0.402326 3.412500 13.9626
0.402326 4.387500 13.1678
0.402326 5.362500 10.9033
0.402326 6.337500 9.3404
0.402326 7.312500 7.5261
0.402326 8.287500 6.6577
0.402326 9.262500 6.0558
0.402326 10.237500 5.7151
0.402326 11.212500 5.0804
0.402326 12.187500 4.2837
0.402326 13.162500 3.7074
0.402326 14.137500 4.3551
0.402326 15.112500 4.5680
0.402326 16.087500 4.6385
0.402326 17.062500 4.7047
0.402326 18.037500 4.7651
0.402326 19.012500 4.8895
0.402326 19.987500 5.0435
0.402326 20.962500 5.3943
0.402326 21.937500 5.8897
0.402326 22.912500 6.6636
0.402326 23.887500 7.4827
0.402326 24.862500 8.0179
0.402326 25.837500 20.3411
0.402326 26.812500 20.3411
0.402326 27.787500 20.3411
0.402326 28.762500 20.3411
0.402326 29.737500 20.3411
0.402326 30.712500 20.3411
0.402326 31.687500 20.3411
0.402326 32.662500 20.3411
0.402326 33.637500 20.3411
0.402326 34.612500 20.3411
0.402326 35.587500 20.3411
0.402326 36.562500 20.3411
0.402326 37.537500 20.3411
0.402326 38.512500 20.3411
0.426744 0.487500 20.3411
0.426744 1.462500 18.6351
0.426744 2.437500 14.7149
0.426744 3.412500 16.5897
0.426744 4.387500 12.9263
0.426744 5.362500 12.2986
0.426744 6.337500 9.6242
0.426744 7.312500 9.2033
0.426744 8.287500 7.9802
0.426744 9.262500 7.1228
0.426744 10.237500 6.5101
0.426744 11.212500 5.8381
0.426744 12.187500 5.0117
0.426744 13.162500 4.2092
0.426744 14.137500 3.9146
0.426744 15.112500 3.9833
0.426744 16.087500 4.5342
0.426744 17.062500 4.7039
0.426744 18.037500 4.6132
0.426744 19.012500 4.6268
0.426744 19.987500 4.7192
0.426744 20.962500 5.0317
0.426744 21.937500 5.3793
0.426744 22.912500 5.9803
0.426744 23.887500 6.8049
0.426744 24.862500 7.4003
0.426744 25.837500 20.3411
0.426744 26.812500 20.3411
0.426744 27.787500 20.3411
0.426744 28.762500 20.3411
0.426744 29.737500 20.3411
0.426744 30.712500 20.3411
0.426744 31.687500 20.3411
0.426744 32.662500 20.3411
0.426744 33.637500 20.3411
0.426744 34.612500 20.3411
0.426744 35.587500 20.3411
0.426744 36.562500 20.3411
0.426744 37.537500 20.3411
0.426744 38.512500 20.3411
0.451163 0.487500 20.3411
0.451163 1.462500 20.3411
0.451163 2.437500 18.2192
0.451163 3.412500 13.7972
0.451163 4.387500 13.8176
0.451163 5.362500 12.5421
0.451163 6.337500 10.2166
0.451163 7.312500 9.4189
0.451163 8.287500 8.3795
0.451163 9.262500 7.3585
0.451163 10.237500 6.6452
0.451163 11.212500 6.1117
0.451163 12.187500 5.7468
0.451163 13.162500 4.9531
0.451163 14.137500 4.1830
0.451163 15.112500 3.9913
0.451163 16.087500 4.5483
0.451163 17.062500 4.7644
0.451163 18.037500 4.6333
0.451163 19.012500 4.5369
0.451163 19.987500 4.5471
0.451163 20.962500 4.6839
0.451163 21.937500 4.9790
0.451163 22.912500 5.3065
0.451163 23.887500 5.6939
0.451163 24.862500 6.3390
0.451163 25.837500 7.0213
0.451163 26.812500 8.0907
0.451163 27.787500 8.7701
0.451163 28.762500 20.3411
0.451163 29.737500 20.3411
0.451163 30.712500 20.3411
0.451163 31.687500 20.3411
0.451163 32.662500 20.3411
0.451163 33.637500 20.3411
0.451163 34.612500 20.3411
0.451163 35.587500 20.3411
0.451163 36.562500 20.3411
0.451163 37.537500 20.3411
0.451163 38.512500 20.3411
0.475581 0.487500 20.3411
0.475581 1.462500 20.3411
0.475581 2.437500 17.3057
0.475581 3.412500 14.4891
0.475581 4.387500 12.8337
0.475581 5.362500 12.1864
0.475581 6.337500 10.6862
0.475581 7.312500 9.2874
0.475581 8.287500 8.4433
0.475581 9.262500 7.4046
0.475581 10.237500 6.7426
0.475581 11.212500 6.1743
0.475581 12.187500 5.7206
0.475581 13.162500 5.2394
0.475581 14.137500 4.6250
0.475581 15.112500 4.2455
0.475581 16.087500 4.3242
0.475581 17.062500 4.7387
0.475581 18.037500 4.7338
0.475581 19.012500 4.5713
0.475581 19.987500 4.5092
0.475581 20.962500 4.5445
0.475581 21.937500 4.6074
0.475581 22.912500 4.8648
0.475581 23.887500 5.2979
0.475581 24.862500 5.8307
0.475581 25.837500 6.5158
0.475581 26.812500 7.5705
0.475581 27.787500 20.3411
0.475581 28.762500 20.3411
0.475581 29.737500 20.3411
0.475581 30.712500 20.3411
0.475581 31.687500 20.3411
0.475581 32.662500 20.3411
0.475581 33.637500 20.3411
0.475581 34.612500 20.3411
0.475581 35.587500 20.3411
0.475581 36.562500 20.3411
0.475581 37.537500 20.3411
0.475581 38.512500 20.3411
0.500000 0.487500 20.3411
0.500000 1.462500 20.3411
0.500000 2.437500 20.3411
0.500000 3.412500 13.0396
0.500000 4.387500 14.8329
0.500000 5.362500 12.3341
0.500000 6.337500 11.1757
0.500000 7.312500 9.4833
0.500000 8.287500 8.6251
0.500000 9.262500 7.6010
0.500000 10.237500 6.8785
0.500000 11.212500 6.2138
0.500000 12.187500 5.8056
0.500000 13.162500 5.3950
0.500000 14.137500 5.0784
0.500000 15.112500 4.8691
0.500000 16.087500 4.7718
0.500000 17.062500 4.9122
0.500000 18.037500 4.8890
0.500000 19.012500 4.7141
0.500000 19.987500 4.5353
0.500000 20.962500 4.4487
0.500000 21.937500 4.4686
0.500000 22.912500 4.6311
0.500000 23.887500 4.9816
0.500000 24.862500 5.3453
0.500000 25.837500 6.0356
0.500000 26.812500 6.6958
0.500000 27.787500 7.9035
0.500000 28.762500 20.3411
0.500000 29.737500 8.5634
0.500000 30.712500 20.3411
0.500000 31.687500 20.3411
0.500000 32.662500 20.3411
0.500000 33.637500 20.3411
0.500000 34.612500 20.3411
0.500000 35.587500 20.3411
0.500000 36.562500 20.3411
0.500000 37.537500 20.3411
0.500000 38.512500 20.3411
0.524419 0.487500 20.3411
0.524419 1.462500 20.3411
0.524419 2.437500 17.6424
0.524419 3.412500 20.3411
0.524419 4.387500 11.8871
0.524419 5.362500 12.0096
0.524419 6.337500 11.0640
0.524419 7.312500 9.8408
0.524419 8.287500 8.9833
0.524419 9.262500 7.9083
0.524419 10.237500 7.0561
0.524419 11.212500 6.3328
0.524419 12.187500 5.7943
0.524419 13.162500 5.4556
0.524419 14.137500 5.1918
0.524419 15.112500 5.0931
0.524419 16.087500 5.0390
0.524419 17.062500 5.0824
0.524419 18.037500 4.9607
0.524419 19.012500 4.8115
0.524419 19.987500 4.6271
0.524419 20.962500 4.4832
0.524419 21.937500 4.4270
0.524419 22.912500 4.5284
0.524419 23.887500 4.7407
0.524419 24.862500 5.0385
0.524419 25.837500 5.3998
0.524419 26.812500 5.9498
0.524419 27.787500 6.5824
0.524419 28.762500 7.3210
0.524419 29.737500 7.6642
0.524419 30.712500 20.3411
0.524419 31.687500 20.3411
0.524419 32.662500 20.3411
0.524419 33.637500 20.3411
0.524419 34.612500 20.3411
0.524419 35.587500 20.3411
0.524419 36.562500 20.3411
0.524419 37.537500 20.3411
0.524419 38.512500 20.3411
0.548837 0.487500 20.3411
0.548837 1.462500 20.3411
0.548837 2.437500 17.0702
0.548837 3.412500 20.3411
0.548837 4.387500 20.3411
0.548837 5.362500 12.6135
0.548837 6.337500 11.6997
0.548837 7.312500 10.3418
0.548837 8.287500 9.4282
0.548837 9.262500 8.1993
0.548837 10.237500 7.2255
0.548837 11.212500 6.4479
0.548837 12.187500 5.8127
0.548837 13.162500 5.4066
0.548837 14.137500 5.0071
0.548837 15.112500 4.8618
0.548837 16.087500 4.7738
0.548837 17.062500 4.8355
0.548837 18.037500 4.8774
0.548837 19.012500 4.7382
0.548837 19.987500 4.6368
0.548837 20.962500 4.5586
0.548837 21.937500 4.4548
0.548837 22.912500 4.4749
0.548837 23.887500 4.6629
0.548837 24.862500 4.9013
0.548837 25.837500 5.3211
0.548837 26.812500 5.7041
0.548837 27.787500 6.1525
0.548837 28.762500 6.6614
0.548837 29.737500 7.6100
0.548837 30.712500 9.1342
0.548837 31.687500 20.3411
0.548837 32.662500 20.3411
0.548837 33.637500 20.3411
0.548837 34.612500 20.3411
0.548837 35.587500 20.3411
0.548837 36.562500 20.3411
0.548837 37.537500 20.3411
0.548837 38.512500 20.3411
0.573256 0.487500 20.3411
0.573256 1.462500 20.3411
0.573256 2.437500 20.3411
0.573256 3.412500 20.3411
0.573256 4.387500 13.0302
0.573256 5.362500 18.8400
0.573256 6.337500 12.3116
0.573256 7.312500 11.0110
0.573256 8.287500 9.4950
0.573256 9.262500 8.4390
0.573256 10.237500 7.3575
0.573256 11.212500 6.5258
0.573256 12.187500 5.9185
0.573256 13.162500 5.3610
0.573256 14.137500 4.8669
0.573256 15.112500 4.6010
0.573256 16.087500 4.4133
0.573256 17.062500 4.4496
0.573256 18.037500 4.4764
0.573256 19.012500 4.3306
0.573256 19.987500 4.2662
0.573256 20.962500 4.4433
0.573256 21.937500 4.5275
0.573256 22.912500 4.5293
0.573256 23.887500 4.6499
0.573256 24.862500 4.7886
0.573256 25.837500 5.0452
0.573256 26.812500 5.3302
0.573256 27.787500 5.8201
0.573256 28.762500 6.4973
0.573256 29.737500 7.4372
0.573256 30.712500 8.5194
0.573256 31.687500 8.4623
0.573256 32.662500 20.3411
0.573256 33.637500 20.3411
0.573256 34.612500 20.3411
0.573256 35.587500 20.3411
0.573256 36.562500 20.3411
0.573256 37.537500 20.3411
0.573256 38.512500 20.3411
0.597674 0.487500 20.3411
0.597674 1.462500 20.3411
0.597674 2.437500 20.3411
0.597674 3.412500 20.3411
0.597674 4.387500 16.7717
0.597674 5.362500 14.1202
0.597674 6.337500 12.1803
0.597674 7.312500 12.4344
0.597674 8.287500 10.0291
0.597674 9.262500 8.8580
0.597674 10.237500 7.5931
0.597674 11.212500 6.7831
0.597674 12.187500 6.0668
0.597674 13.162500 5.3637
0.597674 14.137500 4.8139
0.597674 15.112500 4.4207
0.597674 16.087500 4.1412
0.597674 17.062500 4.0504
0.597674 18.037500 4.0715
0.597674 19.012500 3.8257
0.597674 19.987500 3.3656
0.597674 20.962500 3.0961
0.597674 21.937500 3.7199
0.597674 22.912500 4.4473
0.597674 23.887500 4.5121
0.597674 24.862500 4.5246
0.597674 25.837500 4.5250
0.597674 26.812500 4.6070
0.597674 27.787500 4.8266
0.597674 28.762500 5.2299
0.597674 29.737500 5.9166
0.597674 30.712500 6.6197
0.597674 31.687500 7.6356
0.597674 32.662500 20.3411
0.597674 33.637500 20.3411
0.597674 34.612500 20.3411
0.597674 35.587500 20.3411
0.597674 36.562500 20.3411
0.597674 37.537500 20.3411
0.597674 38.512500 20.3411
0.622093 0.487500 20.3411
0.622093 1.462500 20.3411
0.622093 2.437500 20.3411
0.622093 3.412500 20.3411
0.622093 4.387500 20.3411
0.622093 5.362500 20.3411
0.622093 6.337500 16.3322
0.622093 7.312500 12.4813
0.622093 8.287500 10.8699
0.622093 9.262500 8.4076
0.622093 10.237500 8.0096
0.622093 11.212500 7.1759
0.622093 12.187500 6.2078
0.622093 13.162500 5.5194
0.622093 14.137500 4.8674
0.622093 15.112500 4.3432
0.622093 16.087500 3.9787
0.622093 17.062500 3.7626
0.622093 18.037500 3.7194
0.622093 19.012500 3.6413
0.622093 19.987500 3.3963
0.622093 20.962500 3.1651
0.622093 21.937500 3.4221
0.622093 22.912500 3.5972
0.622093 23.887500 4.0931
0.622093 24.862500 4.1923
0.622093 25.837500 4.0826
0.622093 26.812500 4.0549
0.622093 27.787500 4.1640
0.622093 28.762500 4.4546
0.622093 29.737500 4.8125
0.622093 30.712500 5.4177
0.622093 31.687500 6.1548
0.622093 32.662500 7.4399
0.622093 33.637500 8.0900
0.622093 34.612500 20.3411
0.622093 35.587500 20.3411
0.622093 36.562500 20.3411
0.622093 37.537500 20.3411
0.622093 38.512500 20.3411
0.646512 0.487500 20.3411
0.646512 1.462500 20.3411
0.646512 2.437500 20.3411
0.646512 3.412500 20.3411
0.646512 4.387500 20.3411
0.646512 5.362500 20.3411
0.646512 6.337500 14.1453
0.646512 7.312500 13.6322
0.646512 8.287500 11.2771
0.646512 9.262500 9.7743
0.646512 10.237500 8.5583
0.646512 11.212500 7.3340
0.646512 12.187500 6.4895
0.646512 13.162500 5.7216
0.646512 14.137500 4.9769
0.646512 15.112500 4.4149
0.646512 16.087500 3.9484
0.646512 17.062500 3.6161
0.646512 18.037500 3.4687
0.646512 19.012500 3.4120
0.646512 19.987500 3.4679
0.646512 20.962500 3.6998
0.646512 21.937500 3.9752
0.646512 22.912500 4.1622
0.646512 23.887500 4.3028
0.646512 24.862500 4.0723
0.646512 25.837500 3.9370
0.646512 26.812500 3.8373
0.646512 27.787500 3.9128
0.646512 28.762500 4.1270
0.646512 29.737500 4.4431
0.646512 30.712500 4.9100
0.646512 31.687500 5.4827
0.646512 32.662500 6.0993
0.646512 33.637500 7.0676
0.646512 34.612500 7.9649
0.646512 35.587500 20.3411
0.646512 36.562500 20.3411
0.646512 37.537500 20.3411
0.646512 38.512500 20.3411
0.670930 0.487500 20.3411
0.670930 1.462500 20.3411
0.670930 2.437500 20.3411
0.670930 3.412500 20.3411
0.670930 4.387500 20.3411
0.670930 5.362500 20.3411
0.670930 6.337500 20.3411
0.670930 7.312500 11.9136
0.670930 8.287500 13.3786
0.670930 9.262500 10.3087
0.670930 10.237500 9.2349
0.670930 11.212500 8.0683
0.670930 12.187500 6.8998
0.670930 13.162500 6.0202
0.670930 14.137500 5.2540
0.670930 15.112500 4.6270
0.670930 16.087500 4.0558
0.670930 17.062500 3.6687
0.670930 18.037500 3.4010
0.670930 19.012500 3.2277
0.670930 19.987500 3.1952
0.670930 20.962500 3.3057
0.670930 21.937500 3.4945
0.670930 22.912500 3.8246
0.670930 23.887500 4.1413
0.670930 24.862500 4.1833
0.670930 25.837500 3.9844
0.670930 26.812500 3.8849
0.670930 27.787500 3.9296
0.670930 28.762500 4.0904
0.670930 29.737500 4.3783
0.670930 30.712500 4.7931
0.670930 31.687500 5.3119
0.670930 32.662500 6.0963
0.670930 33.637500 6.8880
0.670930 34.612500 7.8992
0.670930 35.587500 8.3101
0.670930 36.562500 20.3411
0.670930 37.537500 20.3411
0.670930 38.512500 20.3411
0.695349 0.487500 20.3411
0.695349 1.462500 20.3411
0.695349 2.437500 20.3411
0.695349 3.412500 20.3411
0.695349 4.387500 20.3411
0.695349 5.362500 20.3411
0.695349 6.337500 20.3411
0.695349 7.312500 14.2618
0.695349 8.287500 20.3411
0.695349 9.262500 12.7901
0.695349 10.237500 10.0843
0.695349 11.212500 8.4629
0.695349 12.187500 7.5866
0.695349 13.162500 6.5961
0.695349 14.137500 5.7142
0.695349 15.112500 5.0123
0.695349 16.087500 4.3174
0.695349 17.062500 3.8366
0.695349 18.037500 3.4434
0.695349 19.012500 3.1239
0.695349 19.987500 2.9339
0.695349 20.962500 2.8717
0.695349 21.937500 2.9368
0.695349 22.912500 3.3717
0.695349 23.887500 3.8940
0.695349 24.862500 4.3983
0.695349 25.837500 4.2328
0.695349 26.812500 4.1236
0.695349 27.787500 4.1434
0.695349 28.762500 4.3471
0.695349 29.737500 4.5654
0.695349 30.712500 4.9714
0.695349 31.687500 5.4947
0.695349 32.662500 6.2801
0.695349 33.637500 6.9388
0.695349 34.612500 8.3311
0.695349 35.587500 20.3411
0.695349 36.562500 20.3411
0.695349 37.537500 20.3411
0.695349 38.512500 20.3411
0.719767 0.487500 20.3411
0.719767 1.462500 20.3411
0.719767 2.437500 20.3411
0.719767 3.412500 20.3411
0.719767 4.387500 20.3411
0.719767 5.362500 20.3411
0.719767 6.337500 15.7966
0.719767 7.312500 20.3411
0.719767 8.287500 20.3411
0.719767 9.262500 11.9127
0.719767 10.237500 11.1666
0.719767 11.212500 9.8674
0.719767 12.187500 8.3099
0.719767 13.162500 7.4382
0.719767 14.137500 6.4681
0.719767 15.112500 5.5844
0.719767 16.087500 4.8366
0.719767 17.062500 4.1660
0.719767 18.037500 3.6114
0.719767 19.012500 3.1688
0.719767 19.987500 2.8242
0.719767 20.962500 2.6003
0.719767 21.937500 2.5402
0.719767 22.912500 2.7801
0.719767 23.887500 3.0263
0.719767 24.862500 3.3954
0.719767 25.837500 3.8201
0.719767 26.812500 4.4660
0.719767 27.787500 4.5369
0.719767 28.762500 4.6710
0.719767 29.737500 4.9901
0.719767 30.712500 5.3824
0.719767 31.687500 5.9396
0.719767 32.662500 6.6286
0.719767 33.637500 7.5038
0.719767 34.612500 8.1595
0.719767 35.587500 20.3411
0.719767 36.562500 20.3411
0.719767 37.537500 20.3411
0.719767 38.512500 20.3411
0.744186 0.487500 20.3411
0.744186 1.462500 20.3411
0.744186 2.437500 20.3411
0.744186 3.412500 20.3411
0.744186 4.387500 20.3411
0.744186 5.362500 20.3411
0.744186 6.337500 20.3411
0.744186 7.312500 20.3411
0.744186 8.287500 20.3411
0.744186 9.262500 11.7844
0.744186 10.237500 12.4606
0.744186 11.212500 9.8049
0.744186 12.187500 9.6473
0.744186 13.162500 8.2228
0.744186 14.137500 7.3605
0.744186 15.112500 6.3960
0.744186 16.087500 5.4511
0.744186 17.062500 4.6763
0.744186 18.037500 3.9667
0.744186 19.012500 3.4131
0.744186 19.987500 2.9645
0.744186 20.962500 2.6105
0.744186 21.937500 2.4184
0.744186 22.912500 2.4144
0.744186 23.887500 2.4961
0.744186 24.862500 2.7431
0.744186 25.837500 3.2161
0.744186 26.812500 4.6953
0.744186 27.787500 4.9539
0.744186 28.762500 5.1952
0.744186 29.737500 5.5157
0.744186 30.712500 6.0348
0.744186 31.687500 6.4607
0.744186 32.662500 7.1166
0.744186 33.637500 7.7467
0.744186 34.612500 20.3411
0.744186 35.587500 20.3411
0.744186 36.562500 20.3411
0.744186 37.537500 20.3411
0.744186 38.512500 20.3411
0.768605 0.487500 20.3411
0.768605 1.462500 20.3411
0.768605 2.437500 20.3411
0.768605 3.412500 20.3411
0.768605 4.387500 20.3411
0.768605 5.362500 20.3411
0.768605 6.337500 20.3411
0.768605 7.312500 20.3411
0.768605 8.287500 20.3411
0.768605 9.262500 20.3411
0.768605 10.237500 20.3411
0.768605 11.212500 12.4619
0.768605 12.187500 10.0522
0.768605 13.162500 9.0192
0.768605 14.137500 7.7818
0.768605 15.112500 7.1724
0.768605 16.087500 6.2305
0.768605 17.062500 5.2363
0.768605 18.037500 4.6066
0.768605 19.012500 3.9297
0.768605 19.987500 3.3693
0.768605 20.962500 2.8871
0.768605 21.937500 2.5406
0.768605 22.912500 2.3576
0.768605 23.887500 2.3541
0.768605 24.862500 2.5525
0.768605 25.837500 2.9888
0.768605 26.812500 3.9163
0.768605 27.787500 4.7806
0.768605 28.762500 5.5653
0.768605 29.737500 6.1423
0.768605 30.712500 6.5496
0.768605 31.687500 6.9873
0.768605 32.662500 8.1965
0.768605 33.637500 9.0142
0.768605 34.612500 9.1342
0.768605 35.587500 20.3411
0.768605 36.562500 20.3411
0.768605 37.537500 20.3411
0.768605 38.512500 20.3411
0.793023 0.487500 20.3411
0.793023 1.462500 20.3411
0.793023 2.437500 20.3411
0.793023 3.412500 20.3411
0.793023 4.387500 20.3411
0.793023 5.362500 20.3411
0.793023 6.337500 20.3411
0.793023 7.312500 20.3411
0.793023 8.287500 20.3411
0.793023 9.262500 20.3411
0.793023 10.237500 20.3411
0.793023 11.212500 13.6497
0.793023 12.187500 20.3411
0.793023 13.162500 10.5969
0.793023 14.137500 10.0691
0.793023 15.112500 7.9488
0.793023 16.087500 6.7991
0.793023 17.062500 6.0294
0.793023 18.037500 5.2806
0.793023 19.012500 4.5634
0.793023 19.987500 3.9776
0.793023 20.962500 3.3972
0.793023 21.937500 2.9332
0.793023 22.912500 2.5886
0.793023 23.887500 2.4260
0.793023 24.862500 2.4464
0.793023 25.837500 2.5556
0.793023 26.812500 2.7843
0.793023 27.787500 3.2747
0.793023 28.762500 4.3187
0.793023 29.737500 6.3215
0.793023 30.712500 7.2284
0.793023 31.687500 9.0226
0.793023 32.662500 8.4920
0.793023 33.637500 20.3411
0.793023 34.612500 20.3411
0.793023 35.587500 20.3411
0.793023 36.562500 20.3411
0.793023 37.537500 20.3411
0.793023 38.512500 20.3411
0.817442 0.487500 20.3411
0.817442 1.462500 20.3411
0.817442 2.437500 20.3411
0.817442 3.412500 20.3411
0.817442 4.387500 20.3411
0.817442 5.362500 20.3411
0.817442 6.337500 20.3411
0.817442 7.312500 20.3411
0.817442 8.287500 20.3411
0.817442 9.262500 20.3411
0.817442 10.237500 20.3411
0.817442 11.212500 20.3411
0.817442 12.187500 10.7692
0.817442 13.162500 10.7550
0.817442 14.137500 10.0591
0.817442 15.112500 7.9869
0.817442 16.087500 7.6042
0.817442 17.062500 6.7293
0.817442 18.037500 6.0031
0.817442 19.012500 5.2596
0.817442 19.987500 4.5729
0.817442 20.962500 3.9829
0.817442 21.937500 3.4445
0.817442 22.912500 3.0212
0.817442 23.887500 2.7838
0.817442 24.862500 2.7062
0.817442 25.837500 2.7642
0.817442 26.812500 2.9189
0.817442 27.787500 3.3126
0.817442 28.762500 4.2405
0.817442 29.737500 5.7653
0.817442 30.712500 7.7614
0.817442 31.687500 20.3411
0.817442 32.662500 20.3411
0.817442 33.637500 20.3411
0.817442 34.612500 20.3411
0.817442 35.587500 20.3411
0.817442 36.562500 20.3411
0.817442 37.537500 20.3411
0.817442 38.512500 20.3411
0.841860 0.487500 20.3411
0.841860 1.462500 20.3411
0.841860 2.437500 20.3411
0.841860 3.412500 20.3411
0.841860 4.387500 20.3411
0.841860 5.362500 20.3411
0.841860 6.337500 20.3411
0.841860 7.312500 20.3411
0.841860 8.287500 20.3411
0.841860 9.262500 20.3411
0.841860 10.237500 20.3411
0.841860 11.212500 20.3411
0.841860 12.187500 10.9549
0.841860 13.162500 13.3391
0.841860 14.137500 10.5423
0.841860 15.112500 9.0587
0.841860 16.087500 8.6444
0.841860 17.062500 7.3752
0.841860 18.037500 6.5417
0.841860 19.012500 5.8511
0.841860 19.987500 5.2419
0.841860 20.962500 4.5896
0.841860 21.937500 4.0520
0.841860 22.912500 3.6081
0.841860 23.887500 3.2964
0.841860 24.862500 3.1175
0.841860 25.837500 3.0686
0.841860 26.812500 3.1124
0.841860 27.787500 3.3279
0.841860 28.762500 3.8195
0.841860 29.737500 4.8052
0.841860 30.712500 6.7563
0.841860 31.687500 9.4239
0.841860 32.662500 20.3411
0.841860 33.637500 20.3411
0.841860 34.612500 20.3411
0.841860 35.587500 20.3411
0.841860 36.562500 20.3411
0.841860 37.537500 20.3411
0.841860 38.512500 20.3411
0.866279 0.487500 20.3411
0.866279 1.462500 20.3411
0.866279 2.437500 20.3411
0.866279 3.412500 20.3411
0.866279 4.387500 20.3411
0.866279 5.362500 20.3411
0.866279 6.337500 20.3411
0.866279 7.312500 20.3411
0.866279 8.287500 20.3411
0.866279 9.262500 20.3411
0.866279 10.237500 20.3411
0.866279 11.212500 20.3411
0.866279 12.187500 20.3411
0.866279 13.162500 20.3411
0.866279 14.137500 20.3411
0.866279 15.112500 11.5363
0.866279 16.087500 9.9200
0.866279 17.062500 8.0398
0.866279 18.037500 7.1704
0.866279 19.012500 6.5009
0.866279 19.987500 5.8263
0.866279 20.962500 5.1460
0.866279 21.937500 4.6690
0.866279 22.912500 4.2004
0.866279 23.887500 3.8363
0.866279 24.862500 3.6257
0.866279 25.837500 3.5167
0.866279 26.812500 3.5656
0.866279 27.787500 3.7711
0.866279 28.762500 4.2366
0.866279 29.737500 4.8306
0.866279 30.712500 5.8281
0.866279 31.687500 7.0307
0.866279 32.662500 20.3411
0.866279 33.637500 20.3411
0.866279 34.612500 20.3411
0.866279 35.587500 20.3411
0.866279 36.562500 20.3411
0.866279 37.537500 20.3411
0.866279 38.512500 20.3411
0.890698 0.487500 20.3411
0.890698 1.462500 20.3411
0.890698 2.437500 20.3411
0.890698 3.412500 20.3411
0.890698 4.387500 20.3411
0.890698 5.362500 20.3411
0.890698 6.337500 20.3411
0.890698 7.312500 20.3411
0.890698 8.287500 20.3411
0.890698 9.262500 20.3411
0.890698 10.237500 20.3411
0.890698 11.212500 20.3411
0.890698 12.187500 20.3411
0.890698 13.162500 10.4757
0.890698 14.137500 20.3411
0.890698 15.112500 10.9854
0.890698 16.087500 10.8060
0.890698 17.062500 9.6173
0.890698 18.037500 7.9632
0.890698 19.012500 6.9313
0.890698 19.987500 6.4957
0.890698 20.962500 5.8330
0.890698 21.937500 5.0619
0.890698 22.912500 4.5091
0.890698 23.887500 4.0768
0.890698 24.862500 3.7278
0.890698 25.837500 3.5353
0.890698 26.812500 3.4154
0.890698 27.787500 3.4551
0.890698 28.762500 3.6131
0.890698 29.737500 3.9524
0.890698 30.712500 4.5183
0.890698 31.687500 5.5610
0.890698 32.662500 7.3272
0.890698 33.637500 20.3411
0.890698 34.612500 20.3411
0.890698 35.587500 20.3411
0.890698 36.562500 20.3411
0.890698 37.537500 20.3411
0.890698 38.512500 20.3411
0.915116 0.487500 20.3411
0.915116 1.462500 20.3411
0.915116 2.437500 20.3411
0.915116 3.412500 20.3411
0.915116 4.387500 20.3411
0.915116 5.362500 20.3411
0.915116 6.337500 20.3411
0.915116 7.312500 20.3411
0.915116 8.287500 20.3411
0.915116 9.262500 20.3411
0.915116 10.237500 20.3411
0.915116 11.212500 20.3411
0.915116 12.187500 20.3411
0.915116 13.162500 20.3411
0.915116 14.137500 20.3411
0.915116 15.112500 20.3411
0.915116 16.087500 20.3411
0.915116 17.062500 8.5545
0.915116 18.037500 8.3323
0.915116 19.012500 8.5702
0.915116 19.987500 7.0752
0.915116 20.962500 6.3937
0.915116 21.937500 5.6173
0.915116 22.912500 4.9203
0.915116 23.887500 4.4409
0.915116 24.862500 3.9652
0.915116 25.837500 3.6094
0.915116 26.812500 3.3032
0.915116 27.787500 3.0973
0.915116 28.762500 3.0009
0.915116 29.737500 3.0688
0.915116 30.712500 3.4444
0.915116 31.687500 4.0483
0.915116 32.662500 4.9214
0.915116 33.637500 6.2396
0.915116 34.612500 8.3359
0.915116 35.587500 20.3411
0.915116 36.562500 20.3411
0.915116 37.537500 20.3411
0.915116 38.512500 20.3411
0.939535 0.487500 20.3411
0.939535 1.462500 20.3411
0.939535 2.437500 20.3411
0.939535 3.412500 20.3411
0.939535 4.387500 20.3411
0.939535 5.362500 20.3411
0.939535 6.337500 20.3411
0.939535 7.312500 20.3411
0.939535 8.287500 20.3411
0.939535 9.262500 20.3411
0.939535 10.237500 20.3411
0.939535 11.212500 20.3411
0.939535 12.187500 20.3411
0.939535 13.162500 20.3411
0.939535 14.137500 12.6028
0.939535 15.112500 20.3411
0.939535 16.087500 10.7763
0.939535 17.062500 20.3411
0.939535 18.037500 9.3038
0.939535 19.012500 20.3411
0.939535 19.987500 8.5000
0.939535 20.962500 7.2349
0.939535 21.937500 6.3932
0.939535 22.912500 5.7369
0.939535 23.887500 4.9679
0.939535 24.862500 4.3576
0.939535 25.837500 3.8058
0.939535 26.812500 3.3108
0.939535 27.787500 2.9113
0.939535 28.762500 2.6378
0.939535 29.737500 2.5507
0.939535 30.712500 2.7374
0.939535 31.687500 3.0818
0.939535 32.662500 3.6768
0.939535 33.637500 4.5828
0.939535 34.612500 5.6877
0.939535 35.587500 7.8257
0.939535 36.562500 20.3411
0.939535 37.537500 20.3411
0.939535 38.512500 20.3411
0.963953 0.487500 20.3411
0.963953 1.462500 20.3411
0.963953 2.437500 20.3411
0.963953 3.412500 20.3411
0.963953 4.387500 20.3411
0.963953 5.362500 20.3411
0.963953 6.337500 20.3411
0.963953 7.312500 20.3411
0.963953 8.287500 20.3411
0.963953 9.262500 20.3411
0.963953 10.237500 20.3411
0.963953 11.212500 20.3411
0.963953 12.187500 20.3411
0.963953 13.162500 20.3411
0.963953 14.137500 20.3411
0.963953 15.112500 20.3411
0.963953 16.087500 20.3411
0.963953 17.062500 20.3411
0.963953 18.037500 20.3411
0.963953 19.012500 9.0986
0.963953 19.987500 20.3411
0.963953 20.962500 8.8021
0.963953 21.937500 7.3215
0.963953 22.912500 6.4502
0.963953 23.887500 5.6285
0.963953 24.862500 4.9738
0.963953 25.837500 4.2475
0.963953 26.812500 3.6159
0.963953 27.787500 3.1033
0.963953 28.762500 2.7060
0.963953 29.737500 2.4609
0.963953 30.712500 2.3970
0.963953 31.687500 2.4327
0.963953 32.662500 2.6280
0.963953 33.637500 3.0241
0.963953 34.612500 3.9116
0.963953 35.587500 5.4924
0.963953 36.562500 8.1405
0.963953 37.537500 9.0682
0.963953 38.512500 20.3411
0.988372 0.487500 9.2017
0.988372 1.462500 20.3411
0.988372 2.437500 20.3411
0.988372 3.412500 20.3411
0.988372 4.387500 20.3411
0.988372 5.362500 20.3411
0.988372 6.337500 20.3411
0.988372 7.312500 20.3411
0.988372 8.287500 20.3411
0.988372 9.262500 20.3411
0.988372 10.237500 20.3411
0.988372 11.212500 20.3411
0.988372 12.187500 20.3411
0.988372 13.162500 20.3411
0.988372 14.137500 20.3411
0.988372 15.112500 20.3411
0.988372 16.087500 13.6497
0.988372 17.062500 20.3411
0.988372 18.037500 12.4619
0.988372 19.012500 20.3411
0.988372 19.987500 20.3411
0.988372 20.962500 8.4994
0.988372 21.937500 8.3138
0.988372 22.912500 7.5406
0.988372 23.887500 6.7067
0.988372 24.862500 5.9773
0.988372 25.837500 5.1157
0.988372 26.812500 4.4615
0.988372 27.787500 3.8985
0.988372 28.762500 3.4150
0.988372 29.737500 3.0582
0.988372 30.712500 2.8366
0.988372 31.687500 2.7268
0.988372 32.662500 2.7301
0.988372 33.637500 2.8739
0.988372 34.612500 3.1992
0.988372 35.587500 3.7007
0.988372 36.562500 4.6862
0.988372 37.537500 6.6226
0.988372 38.512500 20.3411
1.012791 0.487500 20.3411
1.012791 1.462500 20.3411
1.012791 2.437500 20.3411
1.012791 3.412500 20.3411
1.012791 4.387500 20.3411
1.012791 5.362500 20.3411
1.012791 6.337500 20.3411
1.012791 7.312500 20.3411
1.012791 8.287500 20.3411
1.012791 9.262500 20.3411
1.012791 10.237500 20.3411
1.012791 11.212500 20.3411
1.012791 12.187500 20.3411
1.012791 13.162500 20.3411
1.012791 14.137500 20.3411
1.012791 15.112500 20.3411
1.012791 16.087500 20.3411
1.012791 17.062500 20.3411
1.012791 18.037500 20.3411
1.012791 19.012500 20.3411
1.012791 19.987500 20.3411
1.012791 20.962500 20.3411
1.012791 21.937500 20.3411
1.012791 22.912500 20.3411
1.012791 23.887500 20.3411
1.012791 24.862500 20.3411
1.012791 25.837500 20.3411
1.012791 26.812500 20.3411
1.012791 27.787500 20.3411
1.012791 28.762500 20.3411
1.012791 29.737500 20.3411
1.012791 30.712500 20.3411
1.012791 31.687500 20.3411
1.012791 32.662500 20.3411
1.012791 33.637500 20.3411
1.012791 34.612500 20.3411
1.012791 35.587500 20.3411
1.012791 36.562500 20.3411
1.012791 37.537500 20.3411
1.012791 38.512500 20.3411
