1.234748954162196294e-01
1.088298020027126251e-01
1.597959007654445041e-01
1.563718264188927731e-01
3.715982649351876055e-01
2.629634065198026005e-01
4.519662317986275490e-01
2.948988696937742196e-02
1.725221472503413178e-01
2.603994688609534772e-02
7.510061129104958488e-02
2.802678964054303688e-03
1.859444273101088646e-03
1.151562345496163209e-01
3.106546163948181380e-02
3.702178991991421086e-01
1.453476713472164582e-02
3.912541523699296087e-01
2.296201811370794377e-01
4.583768087585556872e-01
3.539985229723960347e-01
5.348719090225595441e-01
4.998129715873468881e-01
5.532819098179054818e-01
5.117012903733458851e-01
3.286391986973825063e-01
1.891554846588271166e-01
2.564458762284105853e-01
2.705019843647483713e-01
1.143356318901619061e-02
1.594606850115140306e-01
4.056507395858761217e-02
2.616236064896976243e-01
7.012738300619489329e-02
3.099699348687662281e-01
4.045218721757684599e-02
3.688188521529583985e-01
4.325306301060268671e-02
5.772347935601046531e-02
3.525643764710098549e-01
7.061909829714135833e-02
2.496024925856955567e-01
9.508919289583479817e-02
3.823261042028270329e-01
2.396542269833963276e-02
2.009946540496993783e-01
2.650354959786972373e-02
1.583021080638419564e-01
1.753562574646132244e-01
2.882605501221075645e-02
1.671066304837530991e-01
1.886080097623427836e-03
2.029912926406862161e-01
1.232109023327457309e-02
2.510573619205207496e-01
1.628297813826083962e-01
4.043535182800130912e-01
2.957248634620246452e-01
4.882561984448645087e-01
5.877120491819740611e-01
7.851102779072468563e-01
7.143102392795643851e-01
8.075051120616119071e-01
6.545359535455598232e-01
5.674109751785924027e-01
5.825287466668044312e-01
6.096440584255691242e-01
6.471060008794763396e-01
6.383861348206536501e-01
6.765458617328674595e-01
6.654570064930778184e-01
8.003018675959829853e-01
7.657050463443337840e-01
7.769092530816449349e-01
5.793925427774355708e-01
6.021627800209360393e-01
5.949833869674387987e-01
5.506557824684219504e-01
3.958084359062947755e-01
4.856657865244518590e-01
3.734720295266662493e-01
2.707298211315342096e-01
3.061343091786488113e-01
5.192374918212181445e-01
8.329608131643589930e-01
6.397423830251472987e-01
6.513840741586087724e-01
6.964021644378867171e-01
6.271151136779422597e-01
4.749956353924874031e-01
3.931136180764384647e-01
3.474123778300971521e-01
3.109668564981122874e-01
3.175177214801562231e-01
2.069719769653038111e-01
1.266293136380877982e-01
1.085036848956696075e-02
4.838351664646028494e-04
1.380834075089704284e-05
2.355640606166039703e-05
4.630315984568536048e-05
5.474306100729674267e-05
5.561332821720154317e-05
4.773387752456208753e-05
2.066544183618947053e-04
4.928490884927609270e-04
2.390082485443688604e-11
2.730063200543424661e-05
4.932440024716589410e-04
4.747369736701832874e-04
4.988656249252526473e-05
1.037212918957075477e-04
3.065347043516828112e-03
5.877875639150476755e-03
8.232274792155733212e-02
8.199331213474906829e-03
1.567852870615017435e-01
9.701867104518459295e-02
3.183422244939860257e-01
